1.000000000000000000e+00,0.000000000000000000e+00,0.000000000000000000e+00
9.999600030100377346e-01,3.608961009237474495e-05,3.907379869860518335e-06
9.999200122828965087e-01,6.605211380296962208e-05,1.393560330052041931e-05
9.998800375441201371e-01,8.740488395716231517e-05,3.255757192262285403e-05
9.998400899460208047e-01,1.008170172488626645e-04,5.909303673023342949e-05
9.998001788103620946e-01,1.083873588533649829e-04,9.143383078426212129e-05
9.997603101927790004e-01,1.122676577834426110e-04,1.274221494370637441e-04
9.997204872544160903e-01,1.140703846296933267e-04,1.654423609535788406e-04
9.996807112974349652e-01,1.148101819934601176e-04,2.044785205709374475e-04
9.996409826773765550e-01,1.150525639181163544e-04,2.439647587047639695e-04
9.996013013653717305e-01,1.150834127602591139e-04,2.836152218675786992e-04
9.995616672202969344e-01,1.150347495656167934e-04,3.232980301368776062e-04
9.995220800919689674e-01,1.149618302899485560e-04,3.629580777403220771e-04
9.994825398470186251e-01,1.148849540421474137e-04,4.025751989384539404e-04
9.994430463676159393e-01,1.148100371282303339e-04,4.421435952550446758e-04
9.994035995446992615e-01,1.147378473687665946e-04,4.816626079313197028e-04
9.993641992726810530e-01,1.146677358649132391e-04,5.211329914532937015e-04
9.993248454466432396e-01,1.145989354039721512e-04,5.605556179518473691e-04
9.992855379612870514e-01,1.145308939313579357e-04,5.999311447805819996e-04
9.992462767107814781e-01,1.144632826688274504e-04,6.392600065485922909e-04
9.992070615889487861e-01,1.143959274692469294e-04,6.785424835808031912e-04
9.991678924895053271e-01,1.143287443383779825e-04,7.177787661552957523e-04
9.991287693062536057e-01,1.142616962651984736e-04,7.569689974800435572e-04
9.990896919332101778e-01,1.141947685422438677e-04,7.961132982462375881e-04
9.990506602646769263e-01,1.141279560951612263e-04,8.352117792263352410e-04
9.990116741952783652e-01,1.140612575517705238e-04,8.742645471680607827e-04
9.989727336199780705e-01,1.139946727207787611e-04,9.132717072991807091e-04
9.989338384340846755e-01,1.139282016442301872e-04,9.522333642691106726e-04
9.988949885332526479e-01,1.138618443080612226e-04,9.911496224373290889e-04
9.988561838134816240e-01,1.137956005941118961e-04,1.030020585922334069e-03
9.988174241711145207e-01,1.137294703024132193e-04,1.068846358580982214e-03
9.987787095028365369e-01,1.136634531824056636e-04,1.107627043979011322e-03
9.987400397056721557e-01,1.135975489563902498e-04,1.146362745369267772e-03
9.987014146769848111e-01,1.135317573337698551e-04,1.185053565679055178e-03
9.986628343144747788e-01,1.134660780187063102e-04,1.223699607503992174e-03
9.986242985161777330e-01,1.134005107138514093e-04,1.262300973105746210e-03
9.985858071804635250e-01,1.133350551220168532e-04,1.300857764411797847e-03
9.985473602060342957e-01,1.132697109468205145e-04,1.339370083016208808e-03
9.985089574919233657e-01,1.132044778929049047e-04,1.377838030180805057e-03
9.984705989374944579e-01,1.131393556660125534e-04,1.416261706836493238e-03
9.984322844424391441e-01,1.130743439729619252e-04,1.454641213584668405e-03
9.983940139067762898e-01,1.130094425216345857e-04,1.492976650698604616e-03
9.983557872308504999e-01,1.129446510209509557e-04,1.531268118124848353e-03
9.983176043153307866e-01,1.128799691808634947e-04,1.569515715484587869e-03
9.982794650612089038e-01,1.128153967123546542e-04,1.607719542075012123e-03
9.982413693697981261e-01,1.127509333274186361e-04,1.645879696870677748e-03
9.982033171427322493e-01,1.126865787390658377e-04,1.683996278524846736e-03
9.981653082819638145e-01,1.126223326613103704e-04,1.722069385370834536e-03
9.981273426897632195e-01,1.125581948091701945e-04,1.760099115423339067e-03
9.980894202687172756e-01,1.124941648986548139e-04,1.798085566379775376e-03
9.980515409217274314e-01,1.124302426467664416e-04,1.836028835621589467e-03
9.980137045520086625e-01,1.123664277715055157e-04,1.873929020215561085e-03
9.979759110630886942e-01,1.123027199918461553e-04,1.911786216915131861e-03
9.979381603588062255e-01,1.122391190277501473e-04,1.949600522161685102e-03
9.979004523433094853e-01,1.121756246001478504e-04,1.987372032085855944e-03
9.978627869210555668e-01,1.121122364309551768e-04,2.025100842508795965e-03
9.978251639968087616e-01,1.120489542430476389e-04,2.062787048943474661e-03
9.977875834756390061e-01,1.119857777602592785e-04,2.100430746595951647e-03
9.977500452629211036e-01,1.119227067073863264e-04,2.138032030366635635e-03
9.977125492643333926e-01,1.118597408101839496e-04,2.175590994851545144e-03
9.976750953858560811e-01,1.117968797953443637e-04,2.213107734343581351e-03
9.976376835337706916e-01,1.117341233905321782e-04,2.250582342833736763e-03
9.976003136146580630e-01,1.116714713243310402e-04,2.288014914012386717e-03
9.975629855353977948e-01,1.116089233262777732e-04,2.325405541270487639e-03
9.975256992031665826e-01,1.115464791268457073e-04,2.362754317700819975e-03
9.974884545254374402e-01,1.114841384574233069e-04,2.400061336099228951e-03
9.974512514099778127e-01,1.114219010503390942e-04,2.437326688965814597e-03
9.974140897648486881e-01,1.113597666388321854e-04,2.474550468506167295e-03
9.973769694984037093e-01,1.112977349570742598e-04,2.511732766632548703e-03
9.973398905192878416e-01,1.112358057401532967e-04,2.548873674965103017e-03
9.973028527364359297e-01,1.111739787240496549e-04,2.585973284833070849e-03
9.972658560590712540e-01,1.111122536456642486e-04,2.623031687275946718e-03
9.972289003967050869e-01,1.110506302428038297e-04,2.660048973044669071e-03
9.971919856591353604e-01,1.109891082541765960e-04,2.697025232602798597e-03
9.971551117564452227e-01,1.109276874193708737e-04,2.733960556127705208e-03
9.971182785990017061e-01,1.108663674788773842e-04,2.770855033511707317e-03
9.970814860974548388e-01,1.108051481740740377e-04,2.807708754363241483e-03
9.970447341627367566e-01,1.107440292472254865e-04,2.844521808008012090e-03
9.970080227060600375e-01,1.106830104414624705e-04,2.881294283490155785e-03
9.969713516389171470e-01,1.106220915008124191e-04,2.918026269573348666e-03
9.969347208730788834e-01,1.105612721701777534e-04,2.954717854741960303e-03
9.968981303205930455e-01,1.105005521953021408e-04,2.991369127202213405e-03
9.968615798937843220e-01,1.104399313228193649e-04,3.027980174883258910e-03
9.968250695052519594e-01,1.103794093002231170e-04,3.064551085438317439e-03
9.967885990678686525e-01,1.103189858758579030e-04,3.101081946245803390e-03
9.967521684947808769e-01,1.102586607989250868e-04,3.137572844410421290e-03
9.967157776994065577e-01,1.101984338194807498e-04,3.174023866764265605e-03
9.966794265954338483e-01,1.101383046884173405e-04,3.210435099867938336e-03
9.966431150968211305e-01,1.100782731574855483e-04,3.246806630011610673e-03
9.966068431177946829e-01,1.100183389792695835e-04,3.283138543216133215e-03
9.965706105728485698e-01,1.099585019071950789e-04,3.319430925234106294e-03
9.965344173767433089e-01,1.098987616955211745e-04,3.355683861550960278e-03
9.964982634445042065e-01,1.098391180993303265e-04,3.391897437386033696e-03
9.964621486914211346e-01,1.097795708745339044e-04,3.428071737693630123e-03
9.964260730330471993e-01,1.097201197778643168e-04,3.464206847164081563e-03
9.963900363851970754e-01,1.096607645668796734e-04,3.500302850224798826e-03
9.963540386639472279e-01,1.096015049999546375e-04,3.536359831041325369e-03
9.963180797856338033e-01,1.095423408362699902e-04,3.572377873518389410e-03
9.962821596668516300e-01,1.094832718358153137e-04,3.608357061300940857e-03
9.962462782244537740e-01,1.094242977593955647e-04,3.644297477775174359e-03
9.962104353755503183e-01,1.093654183686102165e-04,3.680199206069575783e-03
9.961746310375065860e-01,1.093066334258596835e-04,3.716062329055942227e-03
9.961388651279433626e-01,1.092479426943409297e-04,3.751886929350398570e-03
9.961031375647354524e-01,1.091893459380465203e-04,3.787673089314410550e-03
9.960674482660102358e-01,1.091308429217524513e-04,3.823420891055809116e-03
9.960317971501470025e-01,1.090724334110203454e-04,3.859130416429785732e-03
9.959961841357756196e-01,1.090141171722013139e-04,3.894801747039886800e-03
9.959606091417761986e-01,1.089558939724179459e-04,3.930434964239026309e-03
9.959250720872774298e-01,1.088977635795802324e-04,3.966030149130455977e-03
9.958895728916561385e-01,1.088397257623689642e-04,4.001587382568764888e-03
9.958541114745360634e-01,1.087817802902274109e-04,4.037106745160866546e-03
9.958186877557866357e-01,1.087239269333650614e-04,4.072588317266969890e-03
9.957833016555224237e-01,1.086661654627617165e-04,4.108032179001543799e-03
9.957479530941022450e-01,1.086084956501583550e-04,4.143438410234291137e-03
9.957126419921273897e-01,1.085509172680466163e-04,4.178807090591116734e-03
9.956773682704417316e-01,1.084934300896718638e-04,4.214138299455082344e-03
9.956421318501299522e-01,1.084360338890372232e-04,4.249432115967352076e-03
9.956069326525173180e-01,1.083787284408972132e-04,4.284688619028143020e-03
9.955717705991680155e-01,1.083215135207386901e-04,4.319907887297689750e-03
9.955366456118845964e-01,1.082643889047951464e-04,4.355089999197164601e-03
9.955015576127069776e-01,1.082073543700346618e-04,4.390235032909623955e-03
9.954665065239114430e-01,1.081504096941732804e-04,4.425343066380922445e-03
9.954314922680100874e-01,1.080935546556576626e-04,4.460414177320652304e-03
9.953965147677494851e-01,1.080367890336567105e-04,4.495448443203073179e-03
9.953615739461099121e-01,1.079801126080625836e-04,4.530445941268025460e-03
9.953266697263044582e-01,1.079235251595066914e-04,4.565406748521827138e-03
9.952918020317779169e-01,1.078670264693278713e-04,4.600330941738209681e-03
9.952569707862065629e-01,1.078106163195955238e-04,4.635218597459196677e-03
9.952221759134962653e-01,1.077542944930801755e-04,4.670069791996031908e-03
9.951874173377818211e-01,1.076980607732631829e-04,4.704884601430064060e-03
9.951526949834271774e-01,1.076419149443569670e-04,4.739663101613615821e-03
9.951180087750228775e-01,1.075858567912521167e-04,4.774405368170922363e-03
9.950833586373865058e-01,1.075298860995576135e-04,4.809111476498969216e-03
9.950487444955609107e-01,1.074740026555887426e-04,4.843781501768384783e-03
9.950141662748142046e-01,1.074182062463490539e-04,4.878415518924328516e-03
9.949796239006379883e-01,1.073624966595383858e-04,4.913013602687354812e-03
9.949451172987469061e-01,1.073068736835464001e-04,4.947575827554279507e-03
9.949106463950780910e-01,1.072513371074582204e-04,4.982102267799039426e-03
9.948762111157899435e-01,1.071958867210430743e-04,5.016592997473555415e-03
9.948418113872611324e-01,1.071405223147560697e-04,5.051048090408589292e-03
9.948074471360901505e-01,1.070852436797242757e-04,5.085467620214600797e-03
9.947731182890942048e-01,1.070300506077615220e-04,5.119851660282579396e-03
9.947388247733081057e-01,1.069749428913525702e-04,5.154200283784900367e-03
9.947045665159841565e-01,1.069199203236575308e-04,5.188513563676157465e-03
9.946703434445912650e-01,1.068649826985126910e-04,5.222791572693994723e-03
9.946361554868132782e-01,1.068101298104125977e-04,5.257034383359952996e-03
9.946020025705485379e-01,1.067553614545180263e-04,5.291242067980286151e-03
9.945678846239095483e-01,1.067006774266553577e-04,5.325414698646784191e-03
9.945338015752220873e-01,1.066460775233046246e-04,5.359552347237603320e-03
9.944997533530233191e-01,1.065915615416080091e-04,5.393655085418068255e-03
9.944657398860621278e-01,1.065371292793537559e-04,5.427722984641499687e-03
9.944317611032978954e-01,1.064827805349901040e-04,5.461756116150007917e-03
9.943978169338998363e-01,1.064285151076095257e-04,5.495754550975307309e-03
9.943639073072462198e-01,1.063743327969531304e-04,5.529718359939515132e-03
9.943300321529232599e-01,1.063202334034147039e-04,5.563647613655935652e-03
9.942961914007245605e-01,1.062662167280081549e-04,5.597542382529890198e-03
9.942623849806502268e-01,1.062122825724019250e-04,5.631402736759466565e-03
9.942286128229066433e-01,1.061584307388998254e-04,5.665228746336324790e-03
9.941948748579048090e-01,1.061046610304291918e-04,5.699020481046487320e-03
9.941611710162597815e-01,1.060509732505536513e-04,5.732778010471103157e-03
9.941275012287906776e-01,1.059973672034782719e-04,5.766501403987215474e-03
9.940938654265187857e-01,1.059438426940072518e-04,5.800190730768576067e-03
9.940602635406672327e-01,1.058903995275897134e-04,5.833846059786361796e-03
9.940266955026607620e-01,1.058370375102870008e-04,5.867467459809970823e-03
9.939931612441241793e-01,1.057837564487804186e-04,5.901054999407776350e-03
9.939596606968823522e-01,1.057305561503649161e-04,5.934608746947885559e-03
9.939261937929585455e-01,1.056774364229551592e-04,5.968128770598887280e-03
9.938927604645744207e-01,1.056243970750773715e-04,6.001615138330607460e-03
9.938593606441491479e-01,1.055714379158568931e-04,6.035067917914867242e-03
9.938259942642985179e-01,1.055185587550395125e-04,6.068487176926202868e-03
9.937926612578340535e-01,1.054657594029584388e-04,6.101872982742638507e-03
9.937593615577624551e-01,1.054130396705560402e-04,6.135225402546397484e-03
9.937260950972853779e-01,1.053603993693816890e-04,6.168544503324639543e-03
9.936928618097975452e-01,1.053078383115698335e-04,6.201830351870205038e-03
9.936596616288870809e-01,1.052553563098540253e-04,6.235083014782335717e-03
9.936264944883342887e-01,1.052029531775669729e-04,6.268302558467383351e-03
9.935933603221110966e-01,1.051506287286250383e-04,6.301489049139553066e-03
9.935602590643799470e-01,1.050983827775248347e-04,6.334642552821618915e-03
9.935271906494940186e-01,1.050462151393545974e-04,6.367763135345626442e-03
9.934941550119954501e-01,1.049941256297956744e-04,6.400850862353595246e-03
9.934611520866155621e-01,1.049421140650921689e-04,6.433905799298260571e-03
9.934281818082730808e-01,1.048901802620796030e-04,6.466928011443739445e-03
9.933952441120743604e-01,1.048383240381565925e-04,6.499917563866267935e-03
9.933623389333124942e-01,1.047865452113097567e-04,6.532874521454865545e-03
9.933294662074664272e-01,1.047348436000988109e-04,6.565798948912040384e-03
9.932966258702004003e-01,1.046832190236393270e-04,6.598690910754503869e-03
9.932638178573629517e-01,1.046316713016187666e-04,6.631550471313832525e-03
9.932310421049868054e-01,1.045802002542882138e-04,6.664377694737169677e-03
9.931982985492875393e-01,1.045288057024622666e-04,6.697172644987895058e-03
9.931655871266638069e-01,1.044774874675312752e-04,6.729935385846297878e-03
9.931329077736957833e-01,1.044262453714290325e-04,6.762665980910281122e-03
9.931002604271447209e-01,1.043750792366340753e-04,6.795364493596029419e-03
9.930676450239525055e-01,1.043239888862066962e-04,6.828030987138641351e-03
9.930350615012406568e-01,1.042729741437378369e-04,6.860665524592848494e-03
9.930025097963099956e-01,1.042220348333771284e-04,6.893268168833645120e-03
9.929699898466400887e-01,1.041711707798176042e-04,6.925838982556964743e-03
9.929375015898881385e-01,1.041203818083091706e-04,6.958378028280324569e-03
9.929050449638884279e-01,1.040696677446275995e-04,6.990885368343504637e-03
9.928726199066523206e-01,1.040190284151002776e-04,7.023361064909181863e-03
9.928402263563663732e-01,1.039684636465898894e-04,7.055805179963583161e-03
9.928078642513928909e-01,1.039179732665047575e-04,7.088217775317127295e-03
9.927755335302684836e-01,1.038675571027796390e-04,7.120598912605080599e-03
9.927432341317040665e-01,1.038172149838840331e-04,7.152948653288191891e-03
9.927109659945837494e-01,1.037669467388131956e-04,7.185267058653335183e-03
9.926787290579645040e-01,1.037167521971093761e-04,7.217554189814122910e-03
9.926465232610753864e-01,1.036666311888275702e-04,7.249810107711568592e-03
9.926143485433165381e-01,1.036165835445479477e-04,7.282034873114702662e-03
9.925822048442590750e-01,1.035666090953654304e-04,7.314228546621211711e-03
9.925500921036444213e-01,1.035167076729115524e-04,7.346391188658032631e-03
9.925180102613839761e-01,1.034668791093326271e-04,7.378522859481995329e-03
9.924859592575574485e-01,1.034171232372931893e-04,7.410623619180437688e-03
9.924539390324131904e-01,1.033674398899632561e-04,7.442693527671834404e-03
9.924219495263675306e-01,1.033178289010342236e-04,7.474732644706385057e-03
9.923899906800034421e-01,1.032682901047038648e-04,7.506741029866642080e-03
9.923580624340707645e-01,1.032188233356815606e-04,7.538718742568112710e-03
9.923261647294852050e-01,1.031694284291899530e-04,7.570665842059857466e-03
9.922942975073281158e-01,1.031201052209503900e-04,7.602582387425104241e-03
9.922624607088450510e-01,1.030708535471801203e-04,7.634468437581851119e-03
9.922306542754461001e-01,1.030216732446098839e-04,7.666324051283444040e-03
9.921988781487044440e-01,1.029725641504593286e-04,7.698149287119191754e-03
9.921671322703565776e-01,1.029235261024565522e-04,7.729944203514938286e-03
9.921354165823014215e-01,1.028745589388201185e-04,7.761708858733668351e-03
9.921037310265994336e-01,1.028256624982581356e-04,7.793443310876090220e-03
9.920720755454722761e-01,1.027768366199706548e-04,7.825147617881219458e-03
9.920404500813025939e-01,1.027280811436518526e-04,7.856821837526950514e-03
9.920088545766329036e-01,1.026793959094905322e-04,7.888466027430641320e-03
9.919772889741652611e-01,1.026307807581523015e-04,7.920080245049697029e-03
9.919457532167601510e-01,1.025822355307886809e-04,7.951664547682139872e-03
9.919142472474367089e-01,1.025337600690284838e-04,7.983218992467185082e-03
9.918827710093721661e-01,1.024853542149966679e-04,8.014743636385785602e-03
9.918513244459005174e-01,1.024370178112888973e-04,8.046238536261230562e-03
9.918199075005124099e-01,1.023887507009699975e-04,8.077703748759696920e-03
9.917885201168546994e-01,1.023405527275892833e-04,8.109139330390802841e-03
9.917571622387295616e-01,1.022924237351709094e-04,8.140545337508171483e-03
9.917258338100944925e-01,1.022443635682042211e-04,8.171921826309998249e-03
9.916945347750613093e-01,1.021963720716480501e-04,8.203268852839593755e-03
9.916632650778955949e-01,1.021484490909362985e-04,8.234586472985932007e-03
9.916320246630160318e-01,1.021005944719639391e-04,8.265874742484210710e-03
9.916008134749944025e-01,1.020528080610989954e-04,8.297133716916387305e-03
9.915696314585547011e-01,1.020050897051635007e-04,8.328363451711737545e-03
9.915384785585725780e-01,1.019574392514454783e-04,8.359564002147381115e-03
9.915073547200747850e-01,1.019098565476870969e-04,8.390735423348838484e-03
9.914762598882383982e-01,1.018623414420910127e-04,8.421877770290556522e-03
9.914451940083910397e-01,1.018148937833197328e-04,8.452991097796442796e-03
9.914141570260098790e-01,1.017675134204782815e-04,8.484075460540418945e-03
9.913831488867206332e-01,1.017202002031361417e-04,8.515130913046920283e-03
9.913521695362979003e-01,1.016729539813184051e-04,8.546157509691435297e-03
9.913212189206639380e-01,1.016257746054835054e-04,8.577155304701050351e-03
9.912902969858888858e-01,1.015786619265569103e-04,8.608124352154940609e-03
9.912594036781894324e-01,1.015316157958904902e-04,8.639064705984928622e-03
9.912285389439289274e-01,1.014846360652902881e-04,8.669976419975975249e-03
9.911977027296164922e-01,1.014377225870097970e-04,8.700859547766703547e-03
9.911668949819065766e-01,1.013908752137279105e-04,8.731714142849931332e-03
9.911361156475986256e-01,1.013440937985769894e-04,8.762540258573151691e-03
9.911053646736360800e-01,1.012973781951141444e-04,8.793337948139075960e-03
9.910746420071067098e-01,1.012507282573469047e-04,8.824107264606114234e-03
9.910439475952413924e-01,1.012041438397127664e-04,8.854848260888894054e-03
9.910132813854142242e-01,1.011576247970806167e-04,8.885560989758768680e-03
9.909826433251409661e-01,1.011111709847530910e-04,8.916245503844313219e-03
9.909520333620797095e-01,1.010647822584565583e-04,8.946901855631831171e-03
9.909214514440298771e-01,1.010184584743480866e-04,8.977530097465841880e-03
9.908908975189313351e-01,1.009721994890091281e-04,9.008130281549583604e-03
9.908603715348648366e-01,1.009260051594553577e-04,9.038702459945494039e-03
9.908298734400506902e-01,1.008798753431142711e-04,9.069246684575723791e-03
9.907994031828490922e-01,1.008338098978429518e-04,9.099763007222604755e-03
9.907689607117585728e-01,1.007878086819197233e-04,9.130251479529142775e-03
9.907385459754158852e-01,1.007418715540348784e-04,9.160712152999512040e-03
9.907081589225965601e-01,1.006959983732953827e-04,9.191145078999530399e-03
9.906777995022130190e-01,1.006501889992365834e-04,9.221550308757134676e-03
9.906474676633149068e-01,1.006044432917905103e-04,9.251927893362875063e-03
9.906171633550877598e-01,1.005587611113092266e-04,9.282277883770380031e-03
9.905868865268538936e-01,1.005131423185637719e-04,9.312600330796822964e-03
9.905566371280709603e-01,1.004675867747285362e-04,9.342895285123413093e-03
9.905264151083316149e-01,1.004220943413755812e-04,9.373162797295867335e-03
9.904962204173631823e-01,1.003766648804959178e-04,9.403402917724859589e-03
9.904660530050274359e-01,1.003312982544906837e-04,9.433615696686496049e-03
9.904359128213193753e-01,1.002859943261545411e-04,9.463801184322787052e-03
9.904057998163672272e-01,1.002407529586798378e-04,9.493959430642113714e-03
9.903757139404325560e-01,1.001955740156813400e-04,9.524090485519656410e-03
9.903456551439087097e-01,1.001504573611497749e-04,9.554194398697901311e-03
9.903156233773208195e-01,1.001054028594769159e-04,9.584271219787074067e-03
9.902856185913259113e-01,1.000604103754590928e-04,9.614320998265583895e-03
9.902556407367121283e-01,1.000154797742884235e-04,9.644343783480486751e-03
9.902256897643972877e-01,9.997061092154060327e-05,9.674339624647948499e-03
9.901957656254297691e-01,9.992580368318581402e-05,9.704308570853680330e-03
9.901658682709876258e-01,9.988105792560426953e-05,9.734250671053368970e-03
9.901359976523778084e-01,9.983637351553807670e-05,9.764165974073172813e-03
9.901061537210360530e-01,9.979175032012919618e-05,9.794054528610126112e-03
9.900763364285265489e-01,9.974718820690841063e-05,9.823916383232583066e-03
9.900465457265414937e-01,9.970268704378513320e-05,9.853751586380674055e-03
9.900167815669000948e-01,9.965824669905471236e-05,9.883560186366732378e-03
9.899870439015485690e-01,9.961386704139542326e-05,9.913342231375736613e-03
9.899573326825596986e-01,9.956954793986058010e-05,9.943097769465747762e-03
9.899276478621328312e-01,9.952528926389811958e-05,9.972826848568316915e-03
9.898979893925925477e-01,9.948109088332558292e-05,1.000252951648894842e-02
9.898683572263889952e-01,9.943695266832903166e-05,1.003220582090752662e-02
9.898387513160965545e-01,9.939287448947902608e-05,1.006185580937872179e-02
9.898091716144147290e-01,9.934885621772455370e-05,1.009147952933242727e-02
9.897796180741662564e-01,9.930489772436833652e-05,1.012107702807419837e-02
9.897500906482977756e-01,9.926099888109876082e-05,1.015064835278564788e-02
9.897205892898793822e-01,9.921715955997682606e-05,1.018019355052487626e-02
9.896911139521037404e-01,9.917337963343126597e-05,1.020971266822689322e-02
9.896616645882858609e-01,9.912965897425369676e-05,1.023920575270403747e-02
9.896322411518622131e-01,9.908599745559796656e-05,1.026867285064639659e-02
9.896028435963910574e-01,9.904239495098610504e-05,1.029811400862220595e-02
9.895734718755515580e-01,9.899885133430450152e-05,1.032752927307827029e-02
9.895441259431437819e-01,9.895536647980187218e-05,1.035691869034036441e-02
9.895148057530879226e-01,9.891194026208461145e-05,1.038628230661365823e-02
9.894855112594242996e-01,9.886857255612473388e-05,1.041562016798310182e-02
9.894562424163124703e-01,9.882526323725572700e-05,1.044493232041384181e-02
9.894269991780307860e-01,9.878201218115172111e-05,1.047421880975163942e-02
9.893977814989763919e-01,9.873881926385078608e-05,1.050347968172325036e-02
9.893685893336648940e-01,9.869568436175060809e-05,1.053271498193683077e-02
9.893394226367294708e-01,9.865260735159604841e-05,1.056192475588233794e-02
9.893102813629206516e-01,9.860958811048895541e-05,1.059110904893192581e-02
9.892811654671068711e-01,9.856662651588504753e-05,1.062026790634033532e-02
9.892520749042720274e-01,9.852372244557324561e-05,1.064940137324531071e-02
9.892230096295171471e-01,9.848087577770186997e-05,1.067850949466796380e-02
9.891939695980587199e-01,9.843808639076828627e-05,1.070759231551317130e-02
9.891649547652289209e-01,9.839535416360890374e-05,1.073664988056997373e-02
9.891359650864750552e-01,9.835267897540696789e-05,1.076568223451195710e-02
9.891070005173590030e-01,9.831006070568670580e-05,1.079468942189763629e-02
9.890780610135568862e-01,9.826749923431478981e-05,1.082367148717084358e-02
9.890491465308592911e-01,9.822499444151431018e-05,1.085262847466109126e-02
9.890202570251701575e-01,9.818254620782957917e-05,1.088156042858398793e-02
9.889913924525061129e-01,9.814015441414959044e-05,1.091046739304159241e-02
9.889625527689971385e-01,9.809781894169568631e-05,1.093934941202279881e-02
9.889337379308856812e-01,9.805553967202231664e-05,1.096820652940372169e-02
9.889049478945264315e-01,9.801331648703796395e-05,1.099703878894804296e-02
9.888761826163851021e-01,9.797114926896437746e-05,1.102584623430741956e-02
9.888474420530392051e-01,9.792903790036546700e-05,1.105462890902183561e-02
9.888187261611771639e-01,9.788698226413506515e-05,1.108338685651997363e-02
9.887900348975980913e-01,9.784498224349662905e-05,1.111212012011958752e-02
9.887613682192111231e-01,9.780303772199951345e-05,1.114082874302787379e-02
9.887327260830354181e-01,9.776114858353004316e-05,1.116951276834181848e-02
9.887041084461996032e-01,9.771931471228950368e-05,1.119817223904859098e-02
9.886755152659417734e-01,9.767753599281566270e-05,1.122680719802587705e-02
9.886469464996083811e-01,9.763581230996849921e-05,1.125541768804226052e-02
9.886184021046540149e-01,9.759414354891193474e-05,1.128400375175759272e-02
9.885898820386420649e-01,9.755252959515939694e-05,1.131256543172330827e-02
9.885613862592431689e-01,9.751097033453317556e-05,1.134110277038282051e-02
9.885329147242354342e-01,9.746946565317886942e-05,1.136961581007185987e-02
9.885044673915039937e-01,9.742801543755480193e-05,1.139810459301884502e-02
9.884760442190407836e-01,9.738661957443969178e-05,1.142656916134521770e-02
9.884476451649438777e-01,9.734527795093253098e-05,1.145500955706579664e-02
9.884192701874168208e-01,9.730399045443577973e-05,1.148342582208914525e-02
9.883909192447698500e-01,9.726275697268718776e-05,1.151181799821788393e-02
9.883625922954176746e-01,9.722157739371780857e-05,1.154018612714907861e-02
9.883342892978799199e-01,9.718045160587773573e-05,1.156853025047456344e-02
9.883060102107811273e-01,9.713937949783898952e-05,1.159685040968127558e-02
9.882777549928498662e-01,9.709836095855906067e-05,1.162514664615163680e-02
9.882495236029187335e-01,9.705739587733619108e-05,1.165341900116383632e-02
9.882213159999236884e-01,9.701648414374842815e-05,1.168166751589223493e-02
9.881931321429040516e-01,9.697562564769260179e-05,1.170989223140766165e-02
9.881649719910022833e-01,9.693482027937356377e-05,1.173809318867775897e-02
9.881368355034626516e-01,9.689406792928534969e-05,1.176627042856734015e-02
9.881087226396321199e-01,9.685336848824972235e-05,1.179442399183868416e-02
9.880806333589594592e-01,9.681272184738069124e-05,1.182255391915190169e-02
9.880525676209951369e-01,9.677212789808787359e-05,1.185066025106525957e-02
9.880245253853907617e-01,9.673158653208725505e-05,1.187874302803550858e-02
9.879965066118985284e-01,9.669109764138000709e-05,1.190680229041822871e-02
9.879685112603714403e-01,9.665066111829336145e-05,1.193483807846811191e-02
9.879405392907628647e-01,9.661027685542641354e-05,1.196285043233934718e-02
9.879125906631258669e-01,9.656994474569288072e-05,1.199083939208590854e-02
9.878846653376132103e-01,9.652966468229155772e-05,1.201880499766188812e-02
9.878567632744766902e-01,9.648943655871683347e-05,1.204674728892182745e-02
9.878288844340673558e-01,9.644926026876296011e-05,1.207466630562102454e-02
9.878010287768346220e-01,9.640913570649519966e-05,1.210256208741588603e-02
9.877731962633263807e-01,9.636906276630021232e-05,1.213043467386418738e-02
9.877453868541883342e-01,9.632904134283310675e-05,1.215828410442545623e-02
9.877176005101641065e-01,9.628907133104768932e-05,1.218611041846124655e-02
9.876898371920946884e-01,9.624915262618753296e-05,1.221391365523546817e-02
9.876620968609177709e-01,9.620928512377977014e-05,1.224169385391469904e-02
9.876343794776680785e-01,9.616946871963098645e-05,1.226945105356851660e-02
9.876066850034765920e-01,9.612970330984589595e-05,1.229718529316976838e-02
9.875790133995705489e-01,9.608998879080259429e-05,1.232489661159492239e-02
9.875513646272726653e-01,9.605032505916481019e-05,1.235258504762436378e-02
9.875237386480016921e-01,9.601071201189219177e-05,1.238025063994268454e-02
9.874961354232710820e-01,9.597114954621657615e-05,1.240789342713900789e-02
9.874685549146892116e-01,9.593163755964193517e-05,1.243551344770730920e-02
9.874409970839593820e-01,9.589217594996113988e-05,1.246311074004669006e-02
9.874134618928789298e-01,9.585276461524720563e-05,1.249068534246169579e-02
9.873859493033393386e-01,9.581340345384093218e-05,1.251823729316262242e-02
9.873584592773254620e-01,9.577409236436863033e-05,1.254576663026581163e-02
9.873309917769158561e-01,9.573483124573659258e-05,1.257327339179394217e-02
9.873035467642818919e-01,9.569561999710974784e-05,1.260075761567635427e-02
9.872761242016878658e-01,9.565645851793834638e-05,1.262821933974931851e-02
9.872487240514904450e-01,9.561734670794158836e-05,1.265565860175634980e-02
9.872213462761387781e-01,9.557828446711641945e-05,1.268307543934849187e-02
9.871939908381737183e-01,9.553927169573124241e-05,1.271046989008461046e-02
9.871666577002280452e-01,9.550030829432038773e-05,1.273784199143170731e-02
9.871393468250251324e-01,9.546139416367774386e-05,1.276519178076519594e-02
9.871120581753798362e-01,9.542252920488760283e-05,1.279251929536917749e-02
9.870847917141976069e-01,9.538371331928499196e-05,1.281982457243675648e-02
9.870575474044746001e-01,9.534494640846928062e-05,1.284710764907032697e-02
9.870303252092970103e-01,9.530622837432234059e-05,1.287436856228183456e-02
9.870031250918409604e-01,9.526755911898260657e-05,1.290160734899308340e-02
9.869759470153719461e-01,9.522893854484102392e-05,1.292882404603603284e-02
9.869487909432449468e-01,9.519036655457337149e-05,1.295601869015304206e-02
9.869216568389039823e-01,9.515184305109761177e-05,1.298319131799719438e-02
9.868945446658821119e-01,9.511336793760607816e-05,1.301034196613254715e-02
9.868674543878002137e-01,9.507494111754385871e-05,1.303747067103444394e-02
9.868403859683676504e-01,9.503656249461176408e-05,1.306457746908977306e-02
9.868133393713819368e-01,9.499823197278535534e-05,1.309166239659723466e-02
9.867863145607279618e-01,9.495994945628355628e-05,1.311872548976764953e-02
9.867593115003779891e-01,9.492171484959550096e-05,1.314576678472420025e-02
9.867323301543914349e-01,9.488352805744860400e-05,1.317278631750274862e-02
9.867053704869145347e-01,9.484538898483334810e-05,1.319978412405208197e-02
9.866784324621800106e-01,9.480729753700598104e-05,1.322676024023416996e-02
9.866515160445071819e-01,9.476925361946038058e-05,1.325371470182448198e-02
9.866246211983008552e-01,9.473125713794430401e-05,1.328064754451223524e-02
9.865977478880517682e-01,9.469330799846525633e-05,1.330755880390064455e-02
9.865708960783361459e-01,9.465540610727620591e-05,1.333444851550722766e-02
9.865440657338155894e-01,9.461755137088881178e-05,1.336131671476404464e-02
9.865172568192362990e-01,9.457974369605777042e-05,1.338816343701798063e-02
9.864904692994292956e-01,9.454198298978489510e-05,1.341498871753100779e-02
9.864637031393101996e-01,9.450426915931347800e-05,1.344179259148045938e-02
9.864369583038786748e-01,9.446660211214677591e-05,1.346857509395927438e-02
9.864102347582176522e-01,9.442898175601692067e-05,1.349533625997628543e-02
9.863835324674945504e-01,9.439140799893117398e-05,1.352207612445643393e-02
9.863568513969596108e-01,9.435388074911175418e-05,1.354879472224108927e-02
9.863301915119465635e-01,9.431639991503631764e-05,1.357549208808827949e-02
9.863035527778714062e-01,9.427896540542146534e-05,1.360216825667295328e-02
9.862769351602331813e-01,9.424157712923479104e-05,1.362882326258722798e-02
9.862503386246134207e-01,9.420423499567906554e-05,1.365545714034066375e-02
9.862237631366750357e-01,9.416693891419279227e-05,1.368206992436051504e-02
9.861972086621633160e-01,9.412968879445434084e-05,1.370866164899198734e-02
9.861706751669047089e-01,9.409248454638814057e-05,1.373523234849847487e-02
9.861441626168074848e-01,9.405532608015106013e-05,1.376178205706183634e-02
9.861176709778606275e-01,9.401821330614277530e-05,1.378831080878262748e-02
9.860912002161341672e-01,9.398114613500236725e-05,1.381481863768035598e-02
9.860647502977780698e-01,9.394412447759104305e-05,1.384130557769375734e-02
9.860383211890232369e-01,9.390714824501009280e-05,1.386777166268101692e-02
9.860119128561803947e-01,9.387021734859362547e-05,1.389421692642002319e-02
9.859855252656403168e-01,9.383333169991571107e-05,1.392064140260861234e-02
9.859591583838731577e-01,9.379649121078331979e-05,1.394704512486482154e-02
9.859328121774283415e-01,9.375969579322188856e-05,1.397342812672714395e-02
9.859064866129345628e-01,9.372294535950908038e-05,1.399979044165474383e-02
9.858801816570988974e-01,9.368623982213859910e-05,1.402613210302773236e-02
9.858538972767074693e-01,9.364957909382505476e-05,1.405245314414740529e-02
9.858276334386246731e-01,9.361296308753158364e-05,1.407875359823645631e-02
9.858013901097928411e-01,9.357639171643581787e-05,1.410503349843925287e-02
9.857751672572324653e-01,9.353986489395020067e-05,1.413129287782205305e-02
9.857489648480415312e-01,9.350338253370840669e-05,1.415753176937325879e-02
9.857227828493951849e-01,9.346694454957843381e-05,1.418375020600363794e-02
9.856966212285460660e-01,9.343055085564745134e-05,1.420994822054657929e-02
9.856704799528236416e-01,9.339420136621921157e-05,1.423612584575833714e-02
9.856443589896342061e-01,9.335789599583395836e-05,1.426228311431823430e-02
9.856182583064601044e-01,9.332163465924369380e-05,1.428842005882892223e-02
9.855921778708602865e-01,9.328541727143716911e-05,1.431453671181659795e-02
9.855661176504694199e-01,9.324924374760662667e-05,1.434063310573126075e-02
9.855400776129980001e-01,9.321311400317287225e-05,1.436670927294692729e-02
9.855140577262324619e-01,9.317702795378489551e-05,1.439276524576185885e-02
9.854880579580340694e-01,9.314098551530145215e-05,1.441880105639880248e-02
9.854620782763392484e-01,9.310498660380141797e-05,1.444481673700520954e-02
9.854361186491591429e-01,9.306903113557896427e-05,1.447081231965348727e-02
9.854101790445796150e-01,9.303311902714900587e-05,1.449678783634120172e-02
9.853842594307613556e-01,9.299725019524955930e-05,1.452274331899130674e-02
9.853583597759385526e-01,9.296142455682454466e-05,1.454867879945238862e-02
9.853324800484198898e-01,9.292564202904071268e-05,1.457459430949887245e-02
9.853066202165872145e-01,9.288990252926404979e-05,1.460048988083126678e-02
9.852807802488962041e-01,9.285420597508300716e-05,1.462636554507636827e-02
9.852549601138756996e-01,9.281855228430148049e-05,1.465222133378749070e-02
9.852291597801277057e-01,9.278294137494185931e-05,1.467805727844468007e-02
9.852033792163269466e-01,9.274737316523100014e-05,1.470387341045495226e-02
9.851776183912207552e-01,9.271184757360182566e-05,1.472966976115250640e-02
9.851518772736292950e-01,9.267636451870091415e-05,1.475544636179893995e-02
9.851261558324441170e-01,9.264092391938536885e-05,1.478120324358346734e-02
9.851004540366289364e-01,9.260552569472143560e-05,1.480694043762314192e-02
9.850747718552196330e-01,9.257016976398348639e-05,1.483265797496307291e-02
9.850491092573231411e-01,9.253485604665026532e-05,1.485835588657664560e-02
9.850234662121182261e-01,9.249958446241980995e-05,1.488403420336571401e-02
9.849978426888542637e-01,9.246435493117780610e-05,1.490969295616085405e-02
9.849722386568516841e-01,9.242916737302939569e-05,1.493533217572154750e-02
9.849466540855015273e-01,9.239402170827707252e-05,1.496095189273641095e-02
9.849210889442653327e-01,9.235891785742655056e-05,1.498655213782339873e-02
9.848955432026749168e-01,9.232385574119728066e-05,1.501213294153001115e-02
9.848700168303320401e-01,9.228883528050265035e-05,1.503769433433351649e-02
9.848445097969085182e-01,9.225385639646319753e-05,1.506323634664115743e-02
9.848190220721453336e-01,9.221891901039210927e-05,1.508875900879036794e-02
9.847935536258533018e-01,9.218402304381281300e-05,1.511426235104896057e-02
9.847681044279122942e-01,9.214916841844416359e-05,1.513974640361535895e-02
9.847426744482711269e-01,9.211435505621037737e-05,1.516521119661877817e-02
9.847172636569473392e-01,9.207958287923180280e-05,1.519065676011945379e-02
9.846918720240271927e-01,9.204485180982631648e-05,1.521608312410884477e-02
9.846664995196654502e-01,9.201016177050949923e-05,1.524149031850982258e-02
9.846411461140847088e-01,9.197551268399721113e-05,1.526687837317689325e-02
9.846158117775757335e-01,9.194090447318947756e-05,1.529224731789639510e-02
9.845904964804973458e-01,9.190633706120693194e-05,1.531759718238667918e-02
9.845652001932754249e-01,9.187181037133870624e-05,1.534292799629836251e-02
9.845399228864034624e-01,9.183732432708158428e-05,1.536823978921448078e-02
9.845146645304422295e-01,9.180287885212898345e-05,1.539353259065070340e-02
9.844894250960191107e-01,9.176847387036089884e-05,1.541880643005553823e-02
9.844642045538284369e-01,9.173410930584950033e-05,1.544406133681053284e-02
9.844390028746313748e-01,9.169978508286639682e-05,1.546929734023046003e-02
9.844138200292552598e-01,9.166550112586915140e-05,1.549451446956352785e-02
9.843886559885933751e-01,9.163125735951788327e-05,1.551971275399156337e-02
9.843635107236053949e-01,9.159705370864740367e-05,1.554489222263022614e-02
9.843383842053167188e-01,9.156289009828079558e-05,1.557005290452919376e-02
9.843132764048181382e-01,9.152876645364766892e-05,1.559519482867234574e-02
9.842881872932658371e-01,9.149468270015794998e-05,1.562031802397797174e-02
9.842631168418812804e-01,9.146063876340113606e-05,1.564542251929897446e-02
9.842380650219512139e-01,9.142663456916671908e-05,1.567050834342303620e-02
9.842130318048271098e-01,9.139267004342289458e-05,1.569557552507282877e-02
9.841880171619247220e-01,9.135874511232622470e-05,1.572062409290619911e-02
9.841630210647245303e-01,9.132485970221652883e-05,1.574565407551636181e-02
9.841380434847714076e-01,9.129101373962814580e-05,1.577066550143207263e-02
9.841130843936738426e-01,9.125720715126772124e-05,1.579565839911785396e-02
9.840881437631046058e-01,9.122343986403715207e-05,1.582063279697414060e-02
9.840632215648001946e-01,9.118971180501314925e-05,1.584558872333750867e-02
9.840383177705602780e-01,9.115602290145417667e-05,1.587052620648083529e-02
9.840134323522481408e-01,9.112237308080799994e-05,1.589544527461347889e-02
9.839885652817902395e-01,9.108876227070755282e-05,1.592034595588148402e-02
9.839637165311757583e-01,9.105519039895012059e-05,1.594522827836777207e-02
9.839388860724567198e-01,9.102165739353120779e-05,1.597009227009230092e-02
9.839140738777475415e-01,9.098816318260626588e-05,1.599493795901227658e-02
9.838892799192253680e-01,9.095470769453080871e-05,1.601976537302230233e-02
9.838645041691296278e-01,9.092129085782272300e-05,1.604457453995460081e-02
9.838397465997618108e-01,9.088791260119532286e-05,1.606936548757914585e-02
9.838150071834846910e-01,9.085457285353431059e-05,1.609413824360389142e-02
9.837902858927232153e-01,9.082127154388449513e-05,1.611889283567494863e-02
9.837655826999636144e-01,9.078800860148615354e-05,1.614362929137672792e-02
9.837408975777539588e-01,9.075478395575832069e-05,1.616834763823213686e-02
9.837162304987027150e-01,9.072159753627196885e-05,1.619304790370279176e-02
9.836915814354797449e-01,9.068844927280355370e-05,1.621773011518912871e-02
9.836669503608157505e-01,9.065533909528145475e-05,1.624239430003064644e-02
9.836423372475017191e-01,9.062226693381762049e-05,1.626704048550604506e-02
9.836177420683894779e-01,9.058923271869572349e-05,1.629166869883341348e-02
9.835931647963906954e-01,9.055623638037170247e-05,1.631627896717040282e-02
9.835686054044774362e-01,9.052327784947060462e-05,1.634087131761440687e-02
9.835440638656816059e-01,9.049035705680173725e-05,1.636544577720271815e-02
9.835195401530948400e-01,9.045747393333309423e-05,1.639000237291272574e-02
9.834950342398685041e-01,9.042462841019536753e-05,1.641454113166208525e-02
